0  753
0  837
0  883
1  858
2  13
2  84
2  124
2  204
2  285
2  712
2  897
2  903
2  916
2  949
2  972
3  804
3  826
3  963
3  985
4  483
4  653
4  802
4  817
4  830
4  866
5  240
5  711
5  769
5  828
5  885
5  910
5  941
5  971
6  255
6  339
6  400
6  513
6  666
6  673
6  743
6  814
6  944
7  51
7  274
7  441
7  592
7  860
7  875
7  878
7  921
7  960
7  978
8  329
8  404
8  850
8  854
8  898
8  918
8  924
8  933
8  940
8  980
8  990
8  995
9  439
9  801
9  806
9  895
9  913
10  539
10  658
10  932
10  937
10  943
10  945
10  950
11  119
11  476
11  809
11  859
11  865
11  874
11  881
11  909
11  926
12  208
12  306
12  647
12  847
12  864
12  906
12  914
12  946
12  970
12  976
12  997
13  3
13  193
13  803
13  872
13  879
13  905
13  907
13  942
13  973
14  429
14  459
14  927
14  932
14  947
14  962
14  967
14  989
14  999
15  866
15  920
15  966
15  968
15  969
16  374
16  633
16  873
16  894
16  915
16  919
16  955
16  986
17  813
17  824
17  832
17  839
17  844
17  952
18  508
18  887
18  891
18  898
18  917
19  202
19  818
19  825
19  855
19  856
19  876
19  889
19  904
19  956
20  451
20  827
20  836
20  886
20  911
21  239
21  411
21  852
21  863
21  880
21  974
21  981
21  985
21  993
22  511
22  635
22  821
22  833
22  853
22  869
23  76
23  331
23  492
23  708
23  810
23  826
23  829
23  843
23  877
23  890
24  755
24  817
24  892
24  949
24  951
24  975
24  982
25  599
25  868
25  922
26  96
26  576
26  863
26  882
26  900
26  931
26  941
26  944
27  468
27  557
27  844
27  857
27  893
27  902
27  913
27  957
28  845
28  903
28  908
28  948
28  966
28  972
28  992
29  224
29  812
29  831
29  912
29  936
29  994
29  998
30  819
30  834
30  846
31  72
31  783
32  97
32  456
32  950
33  216
33  935
34  900
35  157
35  266
35  964
36  198
36  885
36  939
36  963
37  36
37  392
37  521
37  970
38  382
38  626
38  703
38  926
38  955
38  959
39  263
39  688
39  898
39  910
40  8
40  101
40  258
40  807
40  851
41  64
41  442
41  699
41  704
41  873
42  292
42  336
42  348
42  396
42  489
42  547
42  759
42  894
42  897
42  908
43  430
43  523
43  879
43  901
43  962
43  966
43  988
44  811
44  867
44  918
44  935
44  944
44  989
45  872
45  890
45  917
45  928
45  956
46  23
46  123
46  145
46  205
46  454
46  505
46  528
46  746
46  859
46  864
46  896
46  924
46  938
46  954
46  997
47  835
47  878
47  892
47  937
47  952
48  88
48  786
48  814
48  847
48  848
48  870
48  900
48  915
48  942
49  615
49  820
49  842
50  803
50  823
50  934
51  831
51  849
51  865
51  971
52  840
52  845
52  883
52  886
52  946
52  960
52  976
53  818
53  858
53  969
53  991
53  994
54  801
54  810
54  828
54  868
54  881
54  888
54  906
54  939
54  945
55  82
55  464
55  962
56  846
56  907
56  908
56  911
56  955
56  974
57  25
57  819
57  856
57  893
57  949
57  984
57  990
58  290
58  312
58  482
58  804
58  817
58  820
58  889
58  899
59  420
59  931
59  992
59  998
60  825
60  887
60  947
60  961
61  276
61  324
61  434
61  623
61  809
61  871
61  874
61  875
61  898
61  978
62  407
62  494
62  893
62  932
62  952
62  975
63  284
63  461
63  890
63  891
63  967
63  979
65  922
65  940
66  345
66  834
66  861
66  914
66  995
67  449
67  832
68  107
68  247
68  902
68  924
68  966
69  821
69  896
70  815
70  925
71  915
71  921
71  996
72  906
72  937
72  973
73  864
73  983
73  999
74  115
74  188
74  302
75  662
75  868
75  958
76  30
76  122
76  619
76  857
76  928
77  538
78  347
78  742
78  938
80  80
80  260
80  265
80  447
80  617
81  179
81  762
81  805
81  827
81  841
82  133
82  190
82  968
82  985
83  128
83  541
83  664
83  709
83  800
83  806
83  807
83  846
83  909
84  315
84  514
84  804
84  845
85  244
85  368
85  808
85  863
85  912
85  920
86  180
86  361
86  469
86  803
86  919
86  942
86  948
87  455
87  839
87  870
88  140
88  274
88  864
88  866
88  872
88  875
88  923
88  927
88  951
89  139
89  551
89  637
89  987
89  988
90  817
90  830
90  838
90  860
90  876
90  879
91  318
91  907
91  939
91  976
91  986
91  992
92  414
92  822
92  952
93  953
93  955
93  991
94  262
94  689
94  815
94  878
94  889
94  891
94  922
94  977
95  24
95  829
95  892
96  28
96  121
96  227
96  331
96  359
96  570
96  823
96  945
96  967
97  645
97  850
97  899
97  902
97  917
97  947
97  993
98  280
98  380
98  392
98  443
98  650
98  682
98  858
98  888
98  896
98  911
98  949
98  982
99  842
99  854
99  900
99  944
100  32
100  113
100  419
100  800
100  851
100  913
100  995
101  659
101  710
101  757
101  932
102  412
102  778
102  812
102  831
102  832
102  855
102  933
102  958
103  847
103  871
103  897
103  935
103  963
104  808
104  809
104  819
104  918
104  920
105  29
105  744
105  825
105  860
105  886
105  971
106  410
106  880
106  950
106  997
107  93
107  813
107  818
107  882
107  980
108  571
108  676
108  835
108  938
108  996
109  304
109  846
109  881
110  588
110  930
110  931
110  940
110  948
110  956
110  974
110  979
111  663
111  837
111  843
111  898
112  630
112  646
112  845
112  908
112  960
113  14
113  585
113  893
113  904
114  99
114  756
114  805
114  828
114  857
114  988
115  13
115  853
115  859
115  943
115  992
115  998
116  435
116  821
116  937
116  944
116  957
117  35
117  841
117  890
117  919
117  934
117  977
117  982
117  983
118  810
118  848
118  865
119  249
119  288
119  791
119  808
119  850
121  834
121  954
121  969
122  465
122  803
122  806
122  887
123  154
123  566
123  861
123  909
124  811
124  906
124  928
124  990
125  862
126  457
126  989
127  842
127  873
127  970
127  981
128  452
128  609
128  823
129  186
129  328
129  801
129  825
130  614
130  910
131  423
131  438
132  980
133  27
133  243
133  975
134  5
134  373
134  927
135  596
135  882
136  993
137  109
137  855
137  912
137  978
138  546
138  625
138  641
138  678
139  165
139  922
139  971
139  998
140  700
140  740
140  929
140  952
141  46
141  151
141  175
141  875
141  986
142  470
142  966
143  818
143  900
143  925
144  95
144  731
144  802
144  854
145  97
145  575
145  764
145  845
145  883
146  195
146  850
146  936
146  999
147  192
147  473
147  737
147  814
147  833
147  881
148  3
148  117
148  496
148  687
148  834
148  837
148  871
148  919
148  941
149  55
149  223
149  309
149  312
149  424
149  851
149  884
149  905
149  914
149  970
149  996
150  335
150  813
150  830
150  866
150  892
150  917
150  923
150  951
150  987
151  861
151  967
152  673
152  828
152  848
152  869
152  886
152  903
152  904
152  939
153  316
153  876
153  949
153  994
153  997
154  916
154  953
154  956
154  957
154  985
155  166
155  838
155  841
155  891
155  945
155  965
156  313
156  870
156  913
156  942
156  955
157  821
157  836
157  932
157  991
158  203
158  486
158  809
158  820
158  894
158  902
158  992
159  899
159  937
159  938
160  323
160  819
161  298
161  707
161  800
161  816
161  835
161  896
161  958
162  573
162  829
162  865
162  954
162  995
163  0
163  801
163  844
163  878
163  940
164  77
164  131
164  642
164  805
164  815
165  265
165  357
165  774
165  847
165  849
165  850
165  988
166  49
166  349
166  372
166  558
166  885
166  928
167  908
167  990
168  64
168  874
168  910
169  827
169  831
169  868
169  952
170  441
170  518
170  839
170  901
171  432
172  369
172  448
172  810
172  823
172  925
172  973
172  998
173  736
173  806
173  857
173  863
173  888
173  972
174  536
174  912
175  872
175  911
175  927
175  931
177  811
177  841
177  842
177  921
178  20
178  21
178  278
178  332
178  685
178  884
178  898
178  936
178  954
178  992
179  618
179  907
180  12
180  289
180  495
180  796
181  314
181  639
181  880
181  924
182  449
182  466
182  634
182  828
182  860
182  887
183  851
184  644
184  807
184  854
184  855
184  923
184  965
184  969
184  990
185  89
185  718
185  800
185  904
185  981
186  150
186  512
186  612
186  875
186  890
187  62
187  935
188  199
188  813
188  834
188  840
188  893
188  894
188  949
189  367
189  859
189  867
189  886
190  814
190  989
191  160
191  845
191  847
191  914
192  144
192  802
192  878
192  982
193  233
193  829
193  896
193  944
193  955
194  362
194  869
194  946
194  956
194  968
195  39
195  456
195  900
195  964
196  348
196  363
196  769
196  881
196  884
197  827
197  950
198  948
199  487
199  967
199  975
200  662
201  53
201  135
201  200
201  233
201  251
201  259
201  261
201  416
201  427
201  460
201  476
201  483
201  694
201  888
201  905
202  51
202  156
202  862
202  928
202  931
202  962
203  446
203  503
203  902
204  41
204  74
204  315
204  584
204  635
204  672
204  806
204  841
204  887
204  891
204  994
205  187
205  327
205  854
206  909
206  970
207  894
207  903
207  932
208  520
208  812
208  832
208  844
208  848
208  879
208  984
208  989
209  554
209  630
209  918
209  978
209  990
210  170
210  836
210  846
210  876
210  913
210  993
211  817
211  826
211  874
211  880
211  947
211  958
211  959
212  540
212  810
212  830
212  835
213  586
213  706
213  711
213  801
213  823
213  852
213  885
213  906
214  138
214  267
214  807
214  822
214  833
214  850
214  853
214  868
214  904
214  912
214  983
214  985
214  986
215  808
215  865
215  869
215  955
215  971
216  207
216  452
216  606
216  803
216  892
216  917
216  956
216  969
217  311
217  545
217  601
217  804
217  889
217  946
217  960
217  979
218  809
218  829
218  864
218  897
218  925
218  966
219  651
219  815
219  834
219  911
219  944
219  991
220  511
220  961
221  746
221  855
221  882
221  888
221  921
221  928
221  940
221  950
221  968
222  680
222  767
222  811
222  824
222  873
222  922
222  997
223  751
223  814
223  867
223  896
223  905
223  942
224  805
224  820
224  861
224  883
224  943
225  827
225  831
225  849
225  871
225  900
225  908
225  935
225  937
225  992
225  998
226  954
227  538
227  957
227  972
228  627
228  890
229  856
229  995
230  775
231  993
233  202
233  214
233  920
234  306
235  260
235  324
235  351
235  395
235  724
235  951
236  7
236  130
236  430
236  859
237  502
237  605
237  806
237  875
237  878
237  919
237  959
238  78
238  440
238  610
238  770
238  819
238  908
238  910
238  964
238  997
239  236
239  800
239  949
241  518
241  828
241  973
242  631
242  903
242  906
242  952
243  197
243  863
243  928
243  967
244  343
244  844
244  864
244  994
245  522
246  816
246  946
246  976
247  142
248  152
248  467
248  690
248  755
248  833
248  990
249  106
249  570
249  777
249  862
250  57
250  180
250  812
250  965
250  977
251  358
251  429
251  771
251  805
252  743
252  826
252  885
252  896
253  3
253  331
253  418
253  811
253  916
253  926
253  936
254  341
254  475
254  804
254  823
254  857
254  869
254  888
254  922
254  938
255  87
255  128
255  285
255  321
255  683
255  801
255  820
255  822
255  859
255  951
255  962
256  56
256  108
256  282
256  571
256  731
256  876
256  972
257  234
257  297
257  490
257  523
257  730
257  809
257  832
257  847
257  853
257  886
257  907
257  924
257  948
257  955
257  968
258  159
258  813
258  838
258  852
258  929
258  932
259  253
259  819
259  839
259  899
260  375
260  434
260  887
260  897
260  900
260  941
261  866
261  874
261  892
261  905
261  913
261  915
261  939
262  476
262  841
262  872
262  894
262  969
262  994
263  827
263  908
263  934
263  971
263  988
264  107
264  110
264  806
264  848
264  930
264  954
265  215
265  825
265  904
265  927
265  974
265  976
266  842
266  863
266  867
266  883
266  949
266  985
267  196
267  784
267  807
267  817
267  818
267  895
267  963
267  992
268  213
268  323
268  850
268  865
268  902
268  903
268  921
268  943
269  326
269  840
269  893
269  916
270  821
270  860
270  873
270  952
271  2
271  774
271  901
271  912
271  984
272  396
272  462
272  471
272  757
272  851
272  882
272  957
273  229
273  251
273  802
273  861
273  868
273  968
273  975
273  981
274  195
274  804
274  831
274  884
274  938
274  986
275  797
275  844
275  869
275  928
276  329
276  356
276  914
276  956
277  275
277  310
277  655
277  900
277  945
277  962
277  971
277  973
277  997
278  71
278  677
278  810
278  980
279  789
279  878
280  834
280  846
280  897
280  958
281  791
281  820
281  856
281  970
281  989
282  837
282  944
282  946
283  995
284  750
284  853
284  953
285  5
285  247
285  741
286  414
286  865
286  870
286  895
287  633
287  711
287  906
287  954
288  495
288  823
288  969
289  84
289  557
289  904
289  952
290  292
290  651
291  111
291  359
291  378
291  514
291  794
291  800
291  827
292  602
292  795
292  826
292  866
292  871
292  923
293  164
293  312
293  412
293  480
293  548
293  581
293  822
293  852
293  910
293  916
294  435
294  809
294  828
294  848
294  918
294  961
294  986
295  94
295  386
295  609
295  808
295  814
295  998
296  178
296  271
296  385
296  884
296  887
296  965
297  407
297  856
297  922
297  960
297  999
298  815
298  978
299  864
299  898
299  900
299  948
299  988
300  162
300  216
300  811
300  813
300  915
300  932
300  947
300  949
301  841
301  842
301  877
301  885
301  891
302  764
302  803
302  836
302  850
302  899
302  908
302  912
302  926
302  931
302  940
303  577
303  903
303  914
303  967
304  54
304  801
304  869
304  879
304  888
305  893
305  902
305  979
306  115
306  615
306  839
306  867
306  966
307  819
307  851
308  403
308  830
308  843
308  878
308  907
308  937
308  943
309  255
309  390
309  802
309  847
309  861
309  883
309  897
309  928
309  973
309  975
310  837
310  919
310  924
310  974
310  989
311  351
311  807
312  622
312  832
312  982
312  983
313  911
313  945
313  978
313  996
314  157
314  925
314  941
314  942
314  955
314  958
315  936
315  976
316  596
316  829
316  872
316  894
317  126
317  221
317  306
317  846
317  935
318  208
318  264
318  932
321  813
322  133
322  184
322  277
322  278
322  700
322  991
323  99
323  959
325  6
325  238
325  298
325  859
325  881
325  951
325  972
326  37
326  578
326  934
327  29
327  708
328  206
328  821
328  905
328  927
328  946
328  953
329  710
329  847
329  896
329  933
330  135
330  799
331  862
331  875
331  917
331  994
331  998
332  745
333  671
333  851
333  865
333  886
333  952
333  962
333  963
334  18
334  956
335  592
335  632
335  887
335  924
335  938
336  987
337  315
338  139
338  524
338  903
339  51
339  649
339  825
339  945
339  997
340  166
340  167
340  218
340  451
340  804
340  931
341  338
341  904
342  600
342  643
342  717
342  874
343  50
343  283
343  372
343  579
343  801
343  808
343  817
344  775
344  922
344  968
345  39
345  289
345  308
345  899
345  919
345  961
345  978
346  189
346  199
346  601
346  636
346  713
346  940
347  70
347  230
347  584
347  831
347  832
347  844
347  993
348  303
348  679
348  728
348  838
348  842
348  908
348  935
349  80
349  778
349  845
349  848
349  912
349  921
349  952
349  964
350  25
350  416
350  834
350  841
350  861
350  983
351  720
351  872
351  926
351  930
351  975
352  428
352  453
352  806
352  852
352  936
352  971
353  647
353  843
353  856
353  876
353  916
353  950
353  999
354  809
354  864
354  882
354  979
355  172
355  186
355  827
355  895
355  957
355  967
355  989
355  990
356  443
356  846
356  880
356  892
356  927
356  980
356  997
357  814
357  893
357  907
357  993
358  906
358  918
359  513
359  840
359  860
359  941
359  952
359  973
359  996
360  237
360  422
360  667
360  672
360  813
360  819
360  833
360  845
360  888
360  948
360  960
360  970
361  648
361  769
361  811
361  891
361  923
361  933
361  965
362  194
362  807
362  824
362  853
362  858
362  863
362  866
362  979
363  156
363  168
363  364
363  828
363  839
363  875
363  910
364  460
364  837
364  890
364  900
364  915
364  946
364  947
365  350
365  408
365  589
365  857
365  859
365  871
365  986
366  914
366  924
366  943
366  962
366  963
366  988
367  258
367  841
367  998
368  521
368  721
368  884
369  249
369  899
369  928
369  966
369  974
370  804
370  919
370  938
370  994
371  668
372  816
372  842
372  883
372  893
373  305
373  438
373  815
373  894
373  896
373  912
373  992
374  913
374  935
375  345
376  76
376  802
376  810
376  855
376  886
377  182
377  694
378  415
378  417
378  427
379  123
379  823
379  902
379  985
380  200
380  211
380  413
380  587
380  930
381  212
381  319
381  546
381  822
381  889
382  32
382  196
382  824
382  872
382  977
383  464
383  675
383  696
383  813
383  821
383  991
384  163
384  752
384  833
384  834
384  900
385  602
385  803
385  851
385  906
386  188
386  296
386  399
386  806
386  877
386  970
387  288
387  523
387  800
387  942
387  968
387  971
388  850
388  896
388  917
388  921
388  935
388  975
389  727
390  55
390  843
390  848
390  864
390  955
390  978
390  979
391  384
391  531
391  922
391  938
391  939
391  940
391  945
391  980
392  357
392  837
392  846
392  863
392  932
392  996
393  495
393  805
393  836
393  880
393  881
393  936
393  985
394  853
394  873
394  907
394  976
395  79
395  242
395  887
395  919
395  927
395  982
396  870
396  910
396  911
396  918
396  933
397  764
397  825
397  901
397  912
397  952
397  964
398  856
399  78
399  822
399  937
399  989
400  411
400  434
400  517
400  807
400  817
400  820
400  827
400  931
401  75
401  653
401  925
401  972
402  449
402  707
402  801
402  809
402  882
402  900
402  914
402  993
403  838
403  867
403  892
403  951
404  494
404  840
404  871
404  934
404  984
405  329
405  814
405  830
405  883
405  963
406  828
406  885
407  909
408  819
409  192
409  861
409  862
409  946
410  868
410  983
411  122
411  889
411  920
412  52
412  685
412  866
413  101
413  938
414  511
414  763
414  923
415  774
416  885
416  977
417  813
417  945
418  354
418  499
418  593
418  943
418  962
419  291
419  639
419  793
419  847
419  906
420  569
420  700
421  631
421  692
421  875
421  986
422  597
422  677
423  755
423  832
423  870
424  145
424  821
425  232
425  673
425  844
425  891
425  905
425  957
426  845
426  857
426  935
426  994
427  367
427  876
427  998
428  341
428  397
428  811
428  995
429  922
429  936
429  953
429  955
430  492
430  823
431  818
431  837
432  722
432  843
432  874
433  893
433  908
433  937
433  950
433  958
434  336
434  801
434  859
434  888
434  951
435  828
435  972
436  323
436  385
436  512
436  954
436  974
437  658
437  881
437  900
438  314
438  699
438  855
438  880
438  960
438  997
439  629
439  641
439  822
440  716
440  825
440  923
441  462
442  180
442  266
442  824
442  864
442  886
442  962
443  14
443  779
443  850
443  926
444  921
445  61
445  371
445  862
445  959
446  334
446  831
446  865
446  929
447  273
447  942
448  834
448  890
448  899
449  816
449  938
450  366
450  820
450  999
451  884
451  919
451  984
452  47
452  91
452  684
452  894
452  979
453  183
453  635
453  996
454  339
454  493
454  720
454  939
454  953
454  982
455  19
455  513
455  540
455  657
455  749
455  877
455  971
456  303
456  379
456  470
456  559
456  896
456  947
457  87
457  880
458  359
458  870
458  981
459  102
459  363
459  678
459  898
459  932
460  435
460  566
460  651
460  845
460  847
460  893
460  945
460  954
460  970
460  987
461  245
461  380
461  827
461  876
461  887
461  907
461  920
461  957
462  109
462  917
462  949
462  969
463  302
463  588
463  846
463  856
463  874
463  925
464  579
464  813
464  956
465  129
465  834
465  843
465  889
465  903
465  913
465  937
465  975
466  234
466  551
466  852
466  882
467  27
467  872
467  979
467  994
468  202
468  810
468  815
468  866
469  94
469  672
469  850
469  883
469  909
469  916
469  960
470  125
470  809
470  812
470  879
470  928
470  973
470  988
471  207
471  246
471  835
471  878
471  899
471  976
471  980
472  56
472  113
472  353
472  863
472  871
472  892
472  922
472  968
472  983
473  372
473  599
473  814
473  886
473  900
473  942
474  49
474  823
474  888
475  213
475  252
475  313
475  914
475  967
475  998
476  803
476  923
476  974
477  836
477  933
477  946
477  990
478  236
478  601
478  762
478  849
478  869
478  921
478  951
479  45
479  392
479  808
479  861
479  925
479  938
479  950
480  177
480  800
480  955
480  993
481  804
481  811
481  830
481  857
481  965
482  583
482  891
482  910
482  918
482  941
482  944
482  947
483  43
483  201
483  620
483  828
483  832
483  862
483  917
483  986
484  548
485  412
485  837
485  892
485  999
486  858
486  859
486  939
486  954
487  820
487  841
487  844
488  829
488  874
488  952
488  973
488  984
489  805
489  848
489  860
489  864
490  910
490  923
490  982
490  989
491  476
491  816
491  867
492  368
492  724
492  809
492  877
492  961
493  400
493  505
493  520
493  827
493  908
493  922
493  964
494  86
494  995
495  875
496  223
496  356
497  330
497  477
497  504
497  903
497  979
498  53
498  931
498  976
499  106
499  868
499  988
500  572
500  683
500  843
500  865
501  131
502  801
503  418
504  148
504  247
504  567
504  955
505  310
505  727
505  863
505  897
506  265
506  543
506  929
507  154
507  920
507  932
508  133
508  896
508  898
509  775
509  894
509  975
510  50
510  269
510  590
510  811
510  926
510  937
511  82
511  805
511  814
512  457
512  508
512  949
512  968
513  222
513  299
513  542
513  822
513  832
513  866
513  927
513  966
514  468
514  758
514  880
514  909
514  983
514  989
515  773
515  839
515  859
515  906
515  991
516  158
516  865
516  904
516  948
516  954
517  8
517  440
517  650
517  872
517  915
517  919
517  962
518  874
518  960
518  973
518  992
518  997
519  893
519  900
519  980
520  88
520  394
520  857
520  863
520  921
521  293
521  800
521  827
521  878
521  941
521  946
521  993
522  674
522  744
522  925
522  951
523  853
523  871
523  875
523  905
523  907
523  942
523  977
524  426
524  823
524  850
524  867
524  916
525  641
525  862
525  959
526  723
526  731
526  802
526  837
526  860
526  918
526  936
526  945
526  975
527  107
527  374
527  526
527  817
527  883
527  922
527  972
528  503
528  808
528  923
528  971
529  97
529  807
529  834
529  899
529  944
530  828
530  888
530  924
530  995
531  46
531  144
531  528
531  576
531  856
531  864
531  931
531  947
531  978
532  578
532  804
532  806
532  829
533  833
533  844
533  894
533  979
534  811
534  820
534  821
534  912
534  994
535  427
535  803
535  848
535  886
536  76
536  181
536  826
536  855
536  897
537  809
538  80
538  490
538  634
538  868
538  881
538  914
539  851
539  865
539  932
539  938
540  335
540  832
540  869
540  896
541  846
541  913
542  251
542  639
542  845
542  926
542  956
543  455
543  882
544  235
545  850
546  62
547  465
547  736
547  925
548  150
548  453
548  854
548  990
548  992
549  522
550  6
550  467
550  521
550  664
550  670
550  989
551  95
551  527
551  749
551  922
552  1
552  139
552  348
552  689
552  823
552  927
552  954
553  127
553  135
553  163
553  955
553  974
554  99
554  668
554  838
554  887
554  935
555  191
555  856
555  899
555  939
555  953
555  971
556  227
556  325
556  574
556  950
557  224
557  584
557  907
557  920
557  945
558  557
558  820
558  822
558  924
558  952
558  965
558  980
559  813
559  942
560  863
561  3
561  176
561  889
561  892
561  905
561  970
562  110
562  531
562  760
562  875
562  878
562  900
562  901
562  902
562  932
563  311
563  810
563  842
563  847
563  866
563  979
564  36
564  814
564  841
564  906
564  928
564  933
564  973
564  988
564  993
565  862
566  463
566  582
566  769
566  809
566  835
566  846
566  851
566  915
567  830
567  891
568  812
568  930
568  999
569  13
569  141
569  818
569  910
569  949
570  349
570  647
570  861
570  877
570  883
570  951
571  51
571  142
571  623
571  925
571  926
571  982
572  2
572  192
572  801
572  870
572  931
572  981
573  54
573  255
573  721
573  884
573  927
573  934
573  944
573  964
573  967
573  998
574  803
574  919
574  992
575  831
575  857
575  966
575  986
576  865
576  873
576  908
576  912
577  825
577  856
577  859
577  893
577  917
579  763
579  804
580  788
580  847
580  852
580  909
580  958
580  984
581  360
581  996
582  903
582  943
583  18
583  413
583  938
584  864
585  284
585  565
585  888
585  962
586  130
586  260
586  347
586  819
586  840
586  880
587  575
587  834
587  924
588  468
588  536
588  765
588  780
588  869
589  500
589  892
589  974
590  234
590  777
590  879
591  65
591  72
591  123
591  442
591  914
592  365
592  944
593  146
593  728
593  827
593  918
594  724
594  955
595  279
595  367
595  863
595  875
595  909
595  983
596  570
596  693
596  937
597  441
597  837
598  118
598  361
598  403
598  510
598  836
598  845
598  935
599  904
599  964
599  976
599  978
599  999
600  151
600  810
600  814
600  860
600  889
600  916
600  973
601  929
601  970
601  986
602  211
602  840
602  907
602  989
603  26
603  715
603  815
603  817
603  858
603  895
603  981
604  122
604  358
604  610
604  891
604  965
605  730
605  809
605  869
605  873
605  885
605  900
605  969
606  232
606  833
606  838
606  920
606  928
606  961
607  52
607  354
607  366
607  523
607  922
608  215
608  233
608  658
608  717
608  871
608  898
608  921
609  49
609  91
609  280
609  337
609  466
609  779
609  846
609  911
609  923
609  934
609  988
610  471
610  472
610  819
610  820
610  886
610  913
610  954
610  967
611  305
611  754
611  842
611  859
611  914
611  950
611  993
612  212
612  800
612  870
612  903
612  930
612  994
613  645
613  910
613  912
613  975
613  980
613  997
614  89
614  822
614  952
614  972
614  982
614  996
615  459
615  867
615  976
616  850
616  865
616  866
616  868
616  882
616  893
616  894
616  926
616  955
616  963
616  966
617  847
617  892
617  917
618  84
618  856
618  884
618  901
618  902
618  943
619  804
619  897
619  927
619  942
619  946
619  992
620  869
620  908
620  937
621  120
621  766
622  218
622  423
622  437
622  655
622  729
622  739
622  823
622  931
622  933
622  970
622  971
622  979
623  229
623  851
623  990
624  237
624  611
624  886
624  978
625  8
625  11
625  323
625  345
625  362
625  501
625  520
625  682
625  899
626  264
626  433
626  458
626  821
626  858
626  861
626  880
626  909
626  962
626  987
627  112
627  190
627  528
627  733
627  862
627  919
628  245
628  268
628  336
628  383
628  480
628  540
628  746
628  838
628  852
628  856
628  887
628  973
629  132
629  203
629  225
629  835
629  896
629  956
630  393
630  409
630  548
630  801
630  883
630  895
630  938
630  958
631  350
631  619
631  826
631  877
631  910
631  945
631  949
632  986
633  742
633  813
633  939
633  951
633  960
633  989
633  998
634  830
634  836
634  865
634  874
634  932
634  957
635  809
635  814
635  854
635  863
635  915
635  974
635  975
635  999
636  891
636  959
636  963
636  984
637  287
637  827
637  843
637  853
637  870
637  876
637  962
637  969
638  253
638  306
638  857
638  875
638  898
638  921
639  389
639  709
639  807
639  839
639  844
639  881
639  914
639  985
639  991
640  59
640  200
640  740
640  810
640  819
640  916
640  967
640  996
641  7
641  416
641  755
641  815
641  834
641  872
641  889
641  941
642  50
642  126
642  675
642  816
643  205
643  312
643  319
643  517
643  805
643  811
643  827
643  924
643  965
644  817
644  832
644  860
644  890
644  895
644  925
644  950
645  676
645  800
645  812
645  831
645  846
645  936
645  948
646  124
646  256
646  622
646  859
646  930
646  943
647  34
647  37
647  621
647  630
647  840
647  871
647  880
647  893
647  907
647  908
647  911
647  935
648  136
648  723
648  867
648  900
648  952
649  240
649  806
649  833
649  884
649  923
650  216
650  830
650  885
650  891
650  990
651  848
651  896
651  961
651  987
652  825
652  905
652  912
652  922
652  928
652  929
652  995
653  413
653  842
653  851
653  949
654  824
654  861
655  454
655  841
655  931
656  334
656  429
657  695
657  881
657  997
658  22
658  574
658  663
659  94
659  193
659  286
659  314
659  424
659  701
659  820
659  845
659  898
659  944
660  68
660  179
660  296
660  641
660  698
660  750
660  935
660  954
660  986
660  988
661  507
661  524
661  560
661  671
661  837
661  869
661  873
661  937
661  953
662  31
662  96
662  462
662  541
662  732
662  785
662  810
662  946
662  962
662  966
662  981
663  300
663  395
663  477
663  680
663  688
663  704
663  803
663  849
663  904
664  67
664  945
664  992
665  369
665  656
665  808
665  860
665  892
665  982
665  985
666  272
666  822
666  994
667  488
667  840
667  893
667  897
667  976
668  470
668  823
668  872
668  887
668  936
668  968
669  73
669  402
669  773
669  816
669  927
669  960
669  961
669  993
670  21
670  26
670  208
670  422
670  796
670  868
670  889
670  901
671  509
671  653
671  879
671  882
671  909
671  925
671  928
671  939
672  850
672  870
672  971
672  975
673  276
673  427
673  452
673  813
673  871
673  957
674  101
674  219
674  788
674  843
674  857
674  884
674  919
674  952
674  956
675  151
675  198
675  359
675  831
675  851
675  883
675  905
675  920
675  963
675  974
675  978
675  996
676  206
676  258
676  271
676  298
676  491
676  627
676  669
676  783
676  786
676  817
676  855
676  863
676  878
676  889
676  912
676  965
676  984
676  998
677  88
677  115
677  408
677  467
677  545
677  674
677  747
677  802
677  805
677  825
677  827
677  842
677  877
677  908
677  915
677  972
678  83
678  157
678  168
678  250
678  342
678  706
678  862
678  917
678  930
678  969
678  983
678  987
678  991
679  23
679  313
679  826
679  846
679  876
679  886
679  938
679  942
680  434
680  544
680  801
680  804
680  859
680  865
680  894
680  895
680  924
680  945
680  994
681  807
681  852
681  874
681  900
681  947
681  949
681  951
681  959
681  962
681  964
682  159
682  710
682  838
682  839
682  856
682  866
682  880
682  887
682  888
682  891
682  892
682  898
682  903
682  922
682  932
682  980
682  989
683  814
683  819
683  843
683  847
683  860
683  926
683  943
683  950
683  967
684  48
684  833
684  864
684  897
684  906
684  914
684  929
684  944
684  995
685  493
685  841
685  882
685  885
685  899
685  904
685  910
685  921
685  976
686  850
686  896
686  933
686  954
686  977
686  979
687  808
687  835
687  872
687  912
687  918
687  941
687  973
687  990
688  341
688  927
688  948
688  969
688  999
689  70
689  172
689  495
689  821
689  823
689  830
689  832
689  875
689  923
689  955
690  464
690  844
690  881
690  907
690  925
690  935
690  966
690  972
691  699
691  812
691  845
691  851
691  861
691  920
692  582
693  327
693  636
693  712
693  814
693  828
693  829
693  848
693  854
693  931
693  997
694  45
694  245
694  292
694  322
694  348
694  628
694  714
694  917
694  965
694  986
695  72
695  210
695  213
695  392
695  818
695  897
695  916
695  991
696  214
696  543
696  858
696  869
696  953
696  998
697  44
697  234
697  248
697  289
697  460
697  498
697  670
697  684
697  696
697  758
697  928
697  962
698  3
698  199
698  331
698  934
699  576
699  865
699  880
699  968
699  992
700  837
700  950
700  985
701  119
701  802
701  827
701  835
701  957
701  970
701  978
702  80
702  209
702  805
702  836
702  855
702  942
702  946
702  951
702  973
702  979
703  803
703  815
703  820
704  278
704  679
704  840
704  857
704  868
704  894
704  937
704  956
705  850
705  958
706  311
706  834
706  872
706  926
706  988
706  994
707  259
707  824
707  910
707  928
708  25
708  39
708  390
708  845
708  882
709  231
709  781
709  856
709  889
709  893
710  137
710  196
710  353
710  623
710  807
710  810
710  890
710  913
710  993
711  7
711  152
711  458
711  585
711  587
711  643
711  804
711  843
712  49
712  320
712  457
712  512
712  559
712  639
712  801
712  888
712  891
712  981
713  10
713  27
713  98
713  288
713  306
713  447
713  745
713  812
713  864
713  944
713  954
713  980
713  991
714  397
714  550
714  708
714  806
714  830
714  887
714  916
714  983
714  986
715  205
715  242
715  263
715  398
715  485
715  516
715  822
715  839
715  892
715  897
715  927
715  961
715  971
716  127
716  297
716  449
716  499
716  554
716  838
716  844
716  865
716  877
716  901
716  940
716  947
716  962
716  964
716  968
717  53
717  143
717  494
717  695
717  797
717  811
717  819
717  841
717  848
717  852
717  867
717  874
717  911
717  992
718  93
718  800
718  818
718  829
718  863
718  870
718  898
718  904
718  905
718  938
718  974
718  975
719  694
719  813
719  817
719  828
719  853
719  860
719  862
719  876
719  886
719  899
719  929
719  987
719  988
719  990
720  808
720  821
720  831
720  936
720  952
720  982
720  989
721  823
721  857
721  871
721  881
721  882
721  891
721  895
721  914
721  932
722  878
722  883
722  909
722  917
722  948
722  972
723  57
723  140
723  809
723  814
723  825
723  835
723  842
723  879
723  902
723  922
723  928
723  978
724  562
724  896
724  897
724  993
725  875
725  907
725  923
725  966
725  994
726  43
726  628
726  900
726  996
727  366
727  380
727  626
727  833
727  854
727  912
727  933
727  934
727  941
727  945
727  970
727  997
728  108
728  225
728  405
728  519
728  740
728  884
728  885
728  925
728  995
729  105
729  192
729  220
729  446
729  501
729  515
729  597
729  802
729  892
730  46
730  47
730  97
730  382
730  418
730  746
730  805
730  847
730  880
730  908
730  924
730  986
731  0
731  65
731  79
731  155
731  171
731  184
731  285
731  602
731  678
731  937
731  943
731  967
731  977
732  85
732  304
732  377
732  522
732  651
732  792
732  827
732  832
732  840
732  844
732  921
732  950
732  955
732  965
733  32
733  33
733  50
733  365
733  490
733  566
733  756
733  762
733  807
733  826
733  834
733  869
733  926
733  936
733  974
733  983
734  148
734  394
734  811
734  816
734  822
734  858
734  868
734  889
734  894
734  919
734  954
734  959
735  226
735  265
735  510
735  514
735  800
735  915
735  918
735  969
735  973
736  169
736  249
736  613
736  853
736  899
736  904
736  910
736  916
736  935
736  985
736  988
736  994
737  806
737  812
737  850
737  865
737  920
737  930
737  958
737  984
738  804
738  856
738  859
738  873
738  906
738  931
738  934
738  956
738  987
739  570
739  881
739  893
739  949
739  951
739  957
739  976
739  981
739  990
740  107
740  736
740  741
740  820
740  862
740  887
740  898
740  946
740  960
740  979
740  995
741  298
741  803
741  828
741  830
741  838
741  841
741  852
741  863
741  937
742  343
742  384
742  815
742  874
743  43
743  314
743  637
743  819
743  837
743  839
743  846
743  860
743  871
743  907
743  948
743  998
744  829
744  840
744  872
744  890
744  903
744  913
744  927
744  958
744  972
744  992
745  400
745  413
745  492
745  788
745  827
745  891
745  938
746  103
746  111
746  133
746  237
746  381
746  437
746  518
746  599
746  734
746  855
746  866
746  878
746  886
746  900
746  924
746  947
746  961
746  970
747  572
747  700
747  808
747  817
747  833
747  908
747  940
747  999
748  55
748  505
748  716
748  824
748  835
748  901
748  902
748  916
748  932
748  952
748  975
749  20
749  99
749  471
749  620
749  658
749  713
749  791
749  848
749  857
749  931
749  942
749  964
749  974
749  978
749  990
750  233
750  301
750  440
750  443
750  672
750  810
750  911
750  925
750  927
750  945
751  11
751  189
751  760
751  809
751  834
751  844
751  870
751  888
751  897
751  956
751  963
751  973
751  997
752  131
752  300
752  549
752  800
752  814
752  845
752  863
752  905
752  922
752  926
752  944
753  180
753  278
753  804
753  818
753  867
753  871
753  875
753  923
753  960
753  998
754  202
754  478
754  633
754  823
754  842
754  850
754  892
754  895
754  909
754  914
754  957
754  959
754  991
755  851
755  860
755  910
755  953
755  963
755  980
756  883
756  966
756  993
757  864
757  915
757  939
758  451
758  815
758  862
758  873
758  955
759  282
759  840
759  869
759  890
759  894
759  968
760  84
760  355
760  542
760  661
760  847
760  893
760  929
760  950
760  965
760  996
761  179
761  283
761  488
761  652
761  732
761  813
761  880
761  983
762  30
762  120
762  177
762  364
762  500
762  504
762  676
762  969
762  979
763  165
763  468
763  506
763  774
763  789
763  805
763  808
763  828
763  926
763  954
763  976
764  112
764  183
764  267
764  280
764  702
764  731
764  989
765  15
765  87
765  142
765  153
765  273
765  302
765  335
765  374
765  497
765  517
765  591
765  601
765  675
765  768
765  884
765  918
765  919
765  920
765  971
765  985
766  323
766  697
766  816
766  870
766  881
766  941
766  970
766  987
766  990
767  62
767  491
767  548
767  614
767  729
767  806
767  810
767  812
767  908
767  958
767  960
767  980
767  984
768  72
768  211
768  230
768  692
768  733
768  753
768  817
768  820
768  827
768  830
768  837
768  848
768  872
768  900
768  924
768  937
768  938
768  943
768  967
768  977
769  76
769  393
769  462
769  470
769  834
769  913
769  921
769  927
769  936
769  946
769  964
769  975
769  981
770  106
770  802
770  871
770  907
770  968
771  154
771  370
771  811
771  819
771  843
771  844
771  855
771  861
771  865
771  868
771  874
771  878
771  885
771  887
771  912
771  931
771  942
771  944
771  945
771  949
771  998
772  821
772  822
772  836
772  852
772  854
772  879
772  886
772  891
772  905
772  917
772  935
773  610
773  866
773  930
773  961
773  982
773  995
774  571
774  859
774  863
774  895
774  911
774  926
774  988
774  992
775  832
775  841
775  876
775  883
776  798
776  820
776  823
776  842
777  576
777  838
777  840
777  856
777  899
777  910
777  922
777  955
777  957
777  974
778  86
778  181
778  426
778  609
778  784
778  833
778  839
778  870
778  888
778  904
778  906
778  929
778  940
778  963
778  986
779  10
779  59
779  110
779  389
779  410
779  759
779  826
779  894
779  916
779  920
779  933
779  954
779  972
780  186
780  555
780  668
780  845
780  952
780  966
781  227
781  406
781  623
781  722
781  875
781  877
781  886
781  897
781  919
781  962
782  115
782  291
782  414
782  432
782  435
782  483
782  509
782  828
782  835
782  853
782  892
782  903
782  947
782  948
782  949
782  969
782  979
782  991
782  997
783  89
783  123
783  268
783  281
783  303
783  439
783  479
783  669
783  745
783  801
783  820
783  825
783  831
783  834
783  915
783  928
784  187
784  212
784  344
784  743
784  814
784  884
784  900
784  901
784  925
784  959
784  971
785  363
785  524
785  554
785  857
785  860
785  887
785  891
785  923
785  958
786  74
786  190
786  707
786  803
786  815
786  841
786  859
786  902
786  907
786  932
786  987
786  990
787  91
787  844
787  858
787  976
788  453
788  521
788  723
788  846
788  848
788  855
788  941
788  967
788  973
788  978
788  980
788  995
789  804
789  829
789  862
789  864
789  881
789  905
789  934
789  944
789  953
789  988
790  157
790  868
790  908
790  918
790  921
790  937
791  178
791  347
791  349
791  564
791  748
791  809
791  814
791  968
791  983
792  835
792  845
792  893
792  898
792  911
792  970
793  81
793  579
793  808
793  869
793  883
793  912
793  950
793  992
794  972
794  994
795  6
795  95
795  698
795  851
795  865
795  873
795  982
796  54
796  119
796  171
796  260
796  582
796  657
796  836
796  837
796  856
796  956
796  993
797  67
797  116
797  167
797  293
797  331
797  424
797  454
797  529
797  543
797  596
797  765
797  807
797  947
797  960
797  974
798  113
798  172
798  229
798  252
798  287
798  353
798  466
798  775
798  800
798  870
798  889
798  896
798  951
798  952
798  996
799  8
799  56
799  82
799  102
799  207
799  233
799  248
799  434
799  656
799  933
800  136
800  332
800  395
800  465
800  843
800  850
800  856
800  882
800  897
800  909
800  924
800  929
800  984
800  989
801  92
801  188
801  195
801  254
801  447
801  473
801  638
801  779
801  818
801  849
801  886
801  904
801  917
801  926
801  942
801  948
801  962
801  981
801  997
802  41
802  109
802  118
802  120
802  223
802  238
802  264
802  358
802  442
802  445
802  476
802  805
802  820
802  831
802  842
802  899
802  902
802  913
802  923
802  925
802  935
802  936
802  990
803  117
803  204
803  285
803  547
803  762
803  767
803  822
803  830
803  841
803  871
803  872
803  887
803  965
804  342
804  373
804  595
804  616
804  804
804  810
804  825
804  828
804  852
804  893
804  894
804  907
804  922
804  943
804  950
804  985
805  629
805  763
805  816
805  847
805  903
805  915
805  931
805  932
805  958
805  983
805  996
806  3
806  607
806  801
806  809
806  813
806  854
806  867
806  914
806  920
806  927
806  935
806  954
806  959
806  969
806  973
807  175
807  811
807  831
807  833
807  834
807  845
807  877
807  892
807  952
807  971
807  986
808  815
808  827
808  829
808  866
808  875
808  876
808  912
808  919
808  921
808  937
808  945
808  955
809  824
809  838
809  846
809  853
809  861
809  874
809  944
810  151
810  341
810  577
810  671
810  777
810  803
810  860
810  901
810  905
810  928
810  970
810  998
810  999
811  460
811  819
811  840
811  855
811  884
811  889
811  893
811  900
811  910
811  916
811  930
811  934
811  946
811  982
811  992
811  994
812  523
812  802
812  827
812  848
812  850
812  879
812  888
812  895
812  918
812  938
812  949
813  45
813  837
813  863
813  923
813  953
813  958
813  970
813  976
814  38
814  101
814  563
814  654
814  804
814  817
814  844
814  851
814  859
814  868
814  880
814  882
814  910
814  925
814  926
814  939
814  979
814  987
814  988
814  991
815  380
815  438
815  487
815  592
815  754
815  818
815  825
815  862
815  871
815  878
815  924
815  951
816  644
816  800
816  823
816  832
816  885
816  898
816  945
817  4
817  139
817  356
817  839
817  857
817  869
817  881
817  961
817  963
817  966
818  104
818  359
818  520
818  807
818  816
818  911
818  938
819  245
819  310
819  393
819  655
819  845
819  858
819  864
819  894
819  905
819  948
819  957
820  64
820  217
820  770
820  805
820  812
820  865
820  887
820  941
820  967
820  972
820  978
821  158
821  163
821  209
821  383
821  680
821  683
821  721
821  740
821  826
821  828
821  847
821  873
821  940
821  944
821  985
821  986
821  989
821  995
822  908
822  932
822  980
823  836
823  964
824  205
824  288
824  810
824  829
824  977
825  821
825  897
825  925
827  345
827  824
827  870
827  993
827  996
828  14
828  346
828  833
828  860
828  942
829  26
829  276
829  329
829  385
829  463
830  425
830  456
830  475
830  495
830  624
830  642
830  685
830  711
830  718
830  744
831  66
831  311
831  324
831  360
831  379
831  690
831  816
831  843
831  849
831  974
831  976
832  1
832  13
832  174
832  433
832  448
832  594
832  605
832  634
832  715
832  739
832  814
832  881
832  892
832  919
832  936
833  32
833  105
833  135
833  244
833  267
833  474
833  534
833  640
833  706
833  734
833  790
833  808
833  861
833  883
833  971
833  981
834  51
834  132
834  146
834  289
834  352
834  402
834  444
834  480
834  486
834  672
834  720
834  800
834  834
834  848
834  933
834  954
834  960
835  9
835  70
835  99
835  148
835  200
835  313
835  362
835  394
835  603
835  604
835  641
835  653
835  753
835  803
835  835
835  863
835  895
835  926
836  339
836  436
836  446
836  619
836  639
836  661
836  806
836  837
836  846
836  882
836  991
837  284
837  315
837  368
837  381
837  449
837  512
837  535
837  714
837  824
837  826
837  827
837  831
837  841
837  888
837  891
837  915
837  921
838  170
838  187
838  234
838  280
838  541
838  670
838  682
838  802
838  815
838  819
838  838
838  842
838  851
838  873
838  884
838  910
838  917
838  928
838  937
838  975
838  988
838  993
839  48
839  556
839  822
839  836
839  862
839  898
839  901
839  903
839  925
839  929
839  933
839  943
839  950
839  956
839  966
839  968
839  985
840  216
840  228
840  499
840  805
840  844
840  855
840  896
840  907
840  932
840  934
840  935
840  953
840  962
840  982
840  984
840  994
840  998
841  490
841  674
841  813
841  826
841  850
841  864
841  867
841  871
841  872
841  878
841  879
841  887
841  899
841  922
841  930
841  931
841  963
841  990
841  996
842  251
842  806
842  809
842  817
842  832
842  839
842  845
842  853
842  866
842  874
842  881
842  886
842  889
842  893
842  900
842  905
842  923
842  927
842  967
842  987
842  999
843  816
843  818
843  825
843  856
843  865
843  891
843  920
843  945
843  946
843  952
843  959
844  801
844  804
844  852
844  876
844  895
844  906
844  912
844  914
844  917
844  918
844  941
844  943
844  944
844  965
844  969
844  974
844  989
844  992
845  811
845  821
845  835
845  849
845  870
845  880
845  902
845  909
845  911
845  913
845  942
845  947
845  958
845  970
845  972
845  995
846  261
846  627
846  823
846  834
846  938
846  948
846  955
846  973
846  977
846  985
847  282
847  840
847  860
847  864
847  892
847  924
847  964
847  978
848  210
848  830
848  854
848  885
848  890
848  954
848  976
848  997
849  246
849  519
849  807
849  837
849  875
849  882
849  897
849  900
849  931
849  952
849  968
849  979
849  982
849  986
850  100
850  232
850  312
850  459
850  589
850  596
850  610
850  635
850  693
850  717
850  804
850  819
850  841
850  844
850  873
850  919
850  926
850  971
851  25
851  224
851  403
851  601
851  649
851  746
851  812
851  818
851  863
851  868
851  877
851  879
851  936
851  949
851  951
851  961
851  981
852  96
852  242
852  548
852  724
852  780
852  822
852  831
852  857
852  859
852  872
852  883
852  907
852  974
852  992
852  993
853  392
853  650
853  805
853  856
853  937
853  940
853  964
853  980
853  987
854  180
854  333
854  532
854  622
854  829
854  836
854  862
854  880
855  47
855  813
855  814
855  820
855  842
855  848
855  869
855  886
855  888
855  903
855  975
855  983
855  986
856  453
856  757
856  846
856  870
856  908
856  941
856  957
857  240
857  695
857  899
857  966
857  973
858  159
858  809
858  913
858  922
858  969
858  988
859  169
859  838
859  847
859  865
859  898
859  928
859  958
860  817
860  851
861  867
861  904
861  999
862  257
862  663
862  815
862  855
862  955
863  125
863  176
863  305
863  366
863  657
864  91
864  396
865  122
865  154
865  314
865  468
865  560
865  576
865  645
865  716
865  843
865  861
865  894
866  275
866  302
866  372
866  398
866  681
866  845
866  932
866  960
867  17
867  44
867  50
867  87
867  160
867  206
867  270
867  492
867  567
867  611
867  689
867  828
867  956
868  24
868  27
868  34
868  128
868  272
868  274
868  371
868  729
868  749
868  797
868  802
868  807
868  833
868  850
868  878
868  909
869  2
869  7
869  89
869  90
869  155
869  161
869  222
869  355
869  408
869  420
869  481
869  524
869  598
869  628
869  632
869  786
869  831
869  834
869  854
869  857
869  990
870  57
870  166
870  308
870  316
870  530
870  542
870  578
870  581
870  665
870  727
870  800
870  841
870  866
870  890
870  926
870  935
870  987
871  85
871  277
871  377
871  417
871  427
871  440
871  684
871  696
871  730
871  768
871  837
871  855
871  897
871  906
871  914
871  917
871  927
871  930
871  941
871  945
872  0
872  83
872  196
872  755
872  763
872  795
872  836
872  889
872  936
872  962
872  968
872  993
873  412
873  733
873  742
873  766
873  791
873  801
873  803
873  806
873  810
873  816
873  860
873  873
873  882
873  885
873  907
873  913
873  942
873  992
873  997
873  998
874  522
874  827
874  838
874  847
874  868
874  916
874  919
874  924
874  946
874  952
874  977
874  978
874  990
874  994
874  996
875  26
875  256
875  376
875  471
875  813
875  817
875  828
875  840
875  848
875  859
875  874
875  876
875  883
875  896
875  934
875  938
875  944
875  964
876  397
876  821
876  826
876  852
876  864
876  875
876  892
876  895
876  911
876  948
876  949
876  950
876  954
876  975
876  976
877  776
877  811
877  832
877  842
877  863
877  886
877  900
877  910
877  918
877  922
877  957
877  970
877  971
877  995
878  570
878  804
878  808
878  812
878  858
878  887
878  894
878  915
878  928
878  945
878  980
879  252
879  555
879  667
879  820
879  825
879  839
879  888
879  889
879  901
879  902
879  904
879  929
879  933
879  967
879  981
879  984
879  985
880  798
880  818
880  822
880  830
880  853
880  862
880  866
880  912
880  920
880  923
880  925
880  951
880  953
880  965
880  979
880  988
880  998
881  49
881  286
881  467
881  484
881  850
881  860
881  908
881  939
881  955
881  986
881  991
882  380
882  401
882  558
882  771
882  819
882  856
882  890
882  891
882  903
882  921
882  958
882  969
883  388
883  582
883  867
883  868
883  870
883  871
883  878
883  879
883  881
883  898
883  905
883  929
883  940
883  944
883  947
883  961
883  972
883  974
883  978
883  982
884  276
884  410
884  477
884  583
884  747
884  826
884  833
884  836
884  846
884  872
884  893
884  906
884  914
884  963
884  999
885  20
885  93
885  134
885  195
885  322
885  390
885  587
885  694
885  699
885  751
885  809
885  814
885  817
885  835
885  844
885  847
885  851
885  882
885  899
885  909
885  935
885  959
885  960
886  7
886  56
886  88
886  192
886  402
886  462
886  498
886  593
886  642
886  647
886  876
886  927
886  937
887  202
887  658
887  805
887  807
887  842
887  857
887  877
887  907
887  924
887  945
888  99
888  291
888  499
888  802
888  843
888  880
888  943
888  971
888  988
888  995
889  330
889  449
889  550
889  816
889  823
889  869
889  892
889  897
889  917
889  931
889  941
889  951
889  993
889  994
890  136
890  143
890  315
890  595
890  621
890  841
890  845
890  864
890  865
890  964
890  986
891  383
891  679
891  868
891  886
891  904
891  916
891  938
892  455
892  815
892  856
892  923
892  932
892  952
892  954
893  806
893  873
893  883
893  912
893  983
894  603
894  840
894  848
894  849
894  896
894  974
894  984
894  989
895  741
895  831
895  861
895  926
895  948
895  961
896  824
896  833
896  893
896  933
896  956
896  958
896  965
896  976
896  996
897  343
897  804
897  819
897  832
897  835
897  838
897  852
897  865
898  518
898  855
899  279
899  306
899  788
899  810
899  829
899  863
899  990
900  101
900  813
900  821
900  929
900  992
901  5
901  46
901  81
901  126
901  149
901  194
901  358
901  502
901  573
901  711
901  766
901  801
901  805
901  874
901  881
901  882
901  913
901  946
901  964
901  967
901  987
902  494
902  553
902  580
902  778
902  826
902  847
902  859
902  977
903  64
903  204
903  476
903  539
903  572
903  646
903  746
903  754
903  817
903  891
903  915
903  919
903  936
903  949
903  957
903  968
904  140
904  178
904  201
904  237
904  407
904  416
904  756
904  834
904  907
904  962
905  23
905  510
905  594
905  736
905  807
905  818
905  828
905  839
905  875
905  927
905  952
906  112
906  199
906  296
906  422
906  808
906  920
906  954
906  975
906  980
907  299
907  309
907  734
907  812
907  820
907  844
907  853
907  914
907  930
908  145
908  297
908  313
908  394
908  767
908  827
908  837
908  862
908  871
908  885
908  906
908  922
908  934
908  942
908  966
908  969
909  506
909  854
909  869
909  880
909  978
909  993
910  435
910  803
910  835
910  851
910  858
910  866
910  888
910  892
910  895
910  941
910  979
911  566
911  846
911  867
911  887
911  905
911  970
911  985
912  809
912  814
912  872
912  884
912  925
913  744
913  811
913  822
913  994
914  582
914  903
914  908
914  931
914  945
914  951
915  66
915  926
915  932
915  955
915  958
916  253
916  709
916  815
916  842
916  899
916  928
916  933
917  32
917  38
917  39
917  108
917  348
917  758
917  774
917  783
917  816
917  855
917  923
917  947
917  962
917  995
918  15
918  76
918  79
918  123
918  200
918  284
918  321
918  437
918  585
918  606
918  850
918  877
918  898
919  226
919  260
919  300
919  636
919  707
919  789
919  961
919  963
919  986
920  10
920  264
920  319
920  336
920  426
920  430
920  835
920  845
920  868
920  878
920  902
920  910
920  914
920  918
920  948
920  949
920  959
920  973
921  191
921  278
921  288
921  375
921  457
921  475
921  530
921  631
921  662
921  773
921  804
921  870
921  883
921  909
921  922
921  943
921  944
921  976
922  546
922  670
922  676
922  750
922  805
922  834
922  856
922  859
922  861
922  865
922  871
922  911
922  997
922  998
923  74
923  156
923  310
923  323
923  351
923  432
923  563
923  633
923  680
923  686
923  806
923  824
923  873
923  875
923  953
923  971
923  982
923  991
923  999
924  11
924  557
924  584
924  772
924  828
924  852
924  853
924  874
924  876
924  881
924  886
924  889
924  897
924  912
924  940
924  964
924  965
924  979
924  983
924  990
925  12
925  521
925  807
925  833
925  847
925  860
925  867
925  872
925  896
925  934
925  950
926  815
926  857
926  869
926  879
926  882
926  891
926  977
926  980
927  800
927  808
927  814
927  823
927  836
927  839
927  840
927  863
927  924
927  928
927  938
927  960
927  972
927  996
928  470
928  813
928  848
928  864
928  900
928  916
928  930
928  946
928  968
928  984
928  988
929  838
929  887
929  919
929  920
929  935
929  936
929  952
929  974
929  993
930  551
930  820
930  828
930  837
930  926
930  959
930  989
931  700
931  842
931  854
931  903
931  906
931  907
932  571
932  826
932  832
932  858
932  893
932  956
932  957
932  987
933  84
933  809
933  830
933  843
933  892
933  901
934  36
934  185
934  236
934  413
934  624
934  719
934  780
934  818
934  825
934  888
934  925
934  954
934  972
934  985
935  113
935  135
935  298
935  406
935  659
935  804
935  844
935  846
935  849
935  855
935  895
935  921
935  927
935  949
936  33
936  82
936  205
936  214
936  344
936  345
936  414
936  458
936  504
936  615
936  730
936  862
936  876
936  880
936  885
936  941
936  966
936  978
936  981
937  55
937  62
937  88
937  207
937  301
937  350
937  460
937  483
937  620
937  688
937  822
937  875
937  908
937  945
937  951
937  969
938  22
938  51
938  211
938  267
938  368
938  424
938  515
938  559
938  575
938  637
938  831
938  923
938  975
938  979
938  986
939  129
939  133
939  157
939  418
939  532
939  638
939  692
939  698
939  827
939  851
939  856
939  878
939  890
939  904
939  909
939  912
939  948
939  997
940  72
940  99
940  342
940  653
940  801
940  841
940  847
940  864
940  886
940  899
940  934
940  989
941  48
941  273
941  634
941  731
941  779
941  812
941  819
941  859
941  866
941  894
941  944
941  955
941  958
941  967
941  971
941  973
942  68
942  73
942  162
942  517
942  833
942  836
942  850
942  881
942  883
942  964
942  983
942  998
943  656
943  802
943  823
943  848
943  877
943  900
943  912
943  914
943  917
943  933
943  950
943  976
943  994
944  216
944  514
944  668
944  808
944  832
944  835
944  868
944  873
944  905
944  915
944  937
944  939
944  962
944  992
945  807
945  810
945  825
945  865
945  874
945  881
945  884
945  910
945  932
945  970
945  993
946  800
946  834
946  839
946  842
946  871
946  892
946  961
947  283
947  429
947  570
947  820
947  887
947  928
947  948
948  898
948  942
948  988
948  998
949  138
949  804
949  861
949  920
949  935
950  219
950  259
950  805
950  846
950  860
950  911
950  954
951  63
951  184
951  258
951  357
951  627
951  689
951  718
951  777
951  889
951  891
951  896
951  931
951  973
951  991
952  250
952  324
952  325
952  378
952  708
952  815
952  824
952  828
952  841
952  844
952  845
952  893
952  902
952  943
952  963
952  965
952  987
952  990
953  29
953  61
953  100
953  168
953  331
953  465
953  493
953  509
953  591
953  706
953  829
953  837
953  852
953  855
953  857
953  938
953  945
953  999
954  17
954  18
954  132
954  160
954  243
954  391
954  399
954  630
954  760
954  806
954  811
954  813
954  869
954  900
954  947
954  982
954  984
955  54
955  69
955  74
955  268
955  425
955  434
955  440
955  535
955  554
955  569
955  596
955  661
955  684
955  753
955  786
955  817
955  821
955  850
955  853
955  856
955  879
955  887
955  897
955  907
955  916
955  927
955  969
955  972
955  996
956  167
956  193
956  311
956  451
956  652
956  713
956  834
956  913
956  919
956  930
956  946
956  966
956  978
956  985
956  995
957  181
957  224
957  245
957  359
957  471
957  548
957  599
957  842
957  859
957  867
957  872
957  894
957  906
957  924
957  926
957  936
957  940
957  944
957  970
957  971
957  975
957  976
957  990
957  994
958  47
958  610
958  827
958  847
958  880
958  895
958  905
958  917
958  922
958  925
958  955
958  981
959  3
959  814
959  818
959  824
959  838
959  840
959  858
959  870
959  876
959  903
959  960
959  979
959  986
960  144
960  826
960  830
960  831
960  862
960  873
960  908
960  932
960  959
960  993
961  809
961  864
961  882
961  886
961  890
961  921
961  952
961  957
961  964
961  967
961  977
962  812
962  848
962  863
962  883
962  902
962  961
963  109
963  823
963  878
963  888
963  928
963  956
963  968
964  855
964  910
964  980
964  982
965  802
965  853
965  904
965  950
965  951
965  953
965  992
966  45
966  411
966  491
966  511
966  519
966  590
966  703
966  803
966  836
966  900
966  918
966  929
966  958
967  95
967  176
967  269
967  294
967  400
967  832
967  931
967  937
967  943
967  997
968  152
968  154
968  161
968  500
968  617
968  807
968  810
968  819
968  851
968  865
968  885
968  909
968  912
968  919
969  46
969  271
969  329
969  392
969  404
969  489
969  669
969  788
969  822
969  829
969  841
969  899
970  13
970  44
970  59
970  60
970  261
970  364
970  374
970  401
970  565
970  644
970  701
970  728
970  804
970  833
970  860
970  879
970  916
971  85
971  183
971  190
971  195
971  239
971  244
971  287
971  403
971  469
971  485
971  566
971  574
971  655
971  671
971  759
971  770
971  816
971  820
971  828
971  849
971  854
971  856
971  887
971  895
972  234
972  322
972  393
972  405
972  505
972  723
972  729
972  805
972  806
972  809
972  811
972  826
972  830
972  843
972  863
972  900
972  942
972  972
972  984
972  990
973  41
973  134
973  382
973  490
973  564
973  682
973  791
973  801
973  825
973  840
973  861
973  865
973  875
973  877
973  930
973  941
973  959
973  981
973  983
973  995
973  999
974  35
974  118
974  119
974  188
974  202
974  208
974  249
974  285
974  439
974  476
974  611
974  619
974  693
974  767
974  846
974  857
974  871
974  897
974  914
974  917
974  944
974  947
974  949
974  954
974  962
974  976
974  989
975  40
975  304
975  431
975  461
975  864
975  874
975  883
975  906
975  913
975  915
975  932
975  938
975  952
975  968
975  973
975  978
975  984
975  992
976  203
976  225
976  247
976  330
976  616
976  621
976  868
976  870
976  884
976  892
976  928
976  934
976  946
976  951
976  975
977  209
977  302
977  800
977  821
977  866
977  878
977  880
977  885
977  891
977  896
977  911
977  925
977  927
977  993
977  994
977  997
978  174
978  808
978  852
978  872
978  894
978  912
978  945
978  957
978  960
978  962
978  971
978  987
978  988
979  835
979  848
979  892
979  933
979  935
979  939
979  955
979  967
979  977
980  667
980  815
980  840
980  855
980  858
980  882
980  920
980  922
980  924
980  956
980  959
980  974
980  998
981  577
981  813
981  839
981  842
981  845
981  888
981  923
981  936
981  991
981  996
982  819
982  827
982  834
982  838
982  844
982  850
982  853
982  870
982  898
982  901
982  903
982  905
982  908
982  914
982  934
982  948
982  979
983  110
983  286
983  306
983  413
983  601
983  863
983  881
983  889
983  907
983  918
983  931
983  950
983  964
983  982
984  232
984  278
984  360
984  498
984  508
984  758
984  826
984  902
984  937
984  958
984  971
985  77
985  101
985  103
985  175
985  572
985  645
985  785
985  814
985  862
985  876
985  940
985  966
985  968
985  980
986  86
986  136
986  198
986  207
986  314
986  343
986  410
986  441
986  597
986  628
986  762
986  801
986  803
986  860
986  865
986  869
986  878
986  914
986  926
986  929
986  949
986  951
986  965
986  981
987  262
987  291
987  292
987  312
987  372
987  387
987  502
987  516
987  537
987  618
987  658
987  708
987  722
987  746
987  854
987  859
987  890
987  893
987  909
987  910
987  975
988  148
988  153
988  189
988  354
988  674
988  711
988  726
988  736
988  781
988  811
988  849
988  856
988  877
988  895
988  897
988  908
988  913
988  942
988  960
988  985
989  133
989  230
989  303
989  397
989  459
989  462
989  473
989  544
989  613
989  802
989  816
989  823
989  833
989  857
989  871
989  947
989  972
989  973
989  986
990  49
990  296
990  315
990  543
990  635
990  805
990  810
990  815
990  817
990  819
990  824
990  832
990  837
990  873
990  920
990  925
990  953
990  954
990  978
990  992
990  993
991  229
991  240
991  264
991  277
991  501
991  541
991  550
991  678
991  820
991  842
991  851
991  864
991  926
991  927
991  939
991  941
991  952
991  956
991  963
991  969
991  974
992  384
992  394
992  449
992  527
992  812
992  821
992  879
992  886
992  892
992  896
992  901
992  904
992  906
992  909
992  944
992  959
992  964
992  973
992  976
992  989
992  994
993  800
993  807
993  818
993  828
993  829
993  868
993  893
993  894
993  932
993  970
993  988
994  804
994  825
994  841
994  857
994  874
994  880
994  895
994  916
994  928
994  946
994  954
995  529
995  839
995  867
995  924
995  957
995  984
996  159
996  556
996  809
996  822
996  830
996  835
996  869
996  910
996  921
996  990
996  995
997  26
997  808
997  818
997  831
997  834
997  858
997  871
997  875
997  882
997  900
997  907
997  915
997  917
997  930
997  936
997  948
997  987
998  151
998  526
998  814
998  828
998  848
998  852
998  870
998  918
998  919
998  979
999  157
999  171
999  341
999  637
999  716
999  784
999  802
999  888
999  934
999  962
999  977
999  986
